Task 2
Search for:  A Found: [(55, 0)]
Search for:  B Found: []
Search for:  C Found: []
Search for:  D Found: []
Search for:  E Found: []
Search for:  F Found: []
Search for:  G Found: [(20, 60)]
Search for:  H Found: []
Search for:  I Found: [(45, 76), (55, 43)]
Search for:  J Found: []
Search for:  K Found: []
Search for:  L Found: [(80, 70)]
Search for:  M Found: []
Search for:  N Found: []
Search for:  O Found: [(61, 0)]
Search for:  P Found: []
Search for:  Q Found: []
Search for:  R Found: []
Search for:  S Found: []
Search for:  T Found: [(2, 18), (26, 0), (35, 0), (52, 24), (62, 30), (66, 16), (75, 0), (78, 32), (81, 9)]
Search for:  U Found: []
Search for:  V Found: []
Search for:  W Found: []
Search for:  X Found: []
Search for:  Y Found: []
Search for:  A Found: [(55, 0)]
Search for:  B Found: []
Search for:  C Found: []
Search for:  D Found: []
Search for:  E Found: []
Search for:  F Found: []
Search for:  G Found: [(20, 60)]
Search for:  H Found: []
Search for:  I Found: [(45, 76), (55, 43)]
Search for:  J Found: []
Search for:  K Found: []
Search for:  L Found: [(80, 70)]
Search for:  M Found: []
Search for:  N Found: []
Search for:  O Found: [(61, 0)]
Search for:  P Found: []
Search for:  Q Found: []
Search for:  R Found: []
Search for:  S Found: []
Search for:  T Found: [(2, 18), (26, 0), (35, 0), (52, 24), (62, 30), (66, 16), (75, 0), (78, 32), (81, 9)]
Search for:  U Found: []
Search for:  V Found: []
Search for:  W Found: []
Search for:  X Found: []
Search for:  Y Found: []
Task 3
Search for: th
Found: [(61, 56), (71, 3), (77, 22)]
Search for: t h
Found: [(37, 0)]
Task 4
Image:  haystack.png
Search for letter: letters/a.png
Found: [(36, 206), (36, 262), (36, 322), (36, 486), (36, 622), (36, 750), (58, 302), (58, 332), (58, 390), (58, 641), (58, 699), (80, 176), (80, 202), (80, 398), (80, 564), (80, 588), (102, 55), (102, 104), (102, 271), (124, 273), (124, 327), (124, 618), (146, 125), (146, 155), (146, 246), (146, 353), (146, 548), (146, 631), (168, 55), (168, 89), (168, 193), (168, 321), (168, 517), (168, 556), (168, 585), (168, 707), (190, 83), (190, 257), (190, 405), (190, 576), (190, 620), (190, 679), (212, 434), (212, 535), (234, 119), (234, 471), (234, 592), (256, 93), (256, 445), (278, 62), (278, 125), (278, 268), (278, 459), (278, 562), (300, 36), (322, 87), (322, 175), (322, 434), (322, 494), (322, 572), (344, 97), (344, 221), (344, 272), (344, 408), (344, 576), (366, 25), (366, 247), (366, 273), (366, 603), (366, 656), (388, 119), (388, 227), (388, 369), (388, 704), (410, 25), (432, 247), (432, 282), (432, 511), (432, 593), (432, 654), (454, 83), (454, 127), (454, 244), (454, 366), (454, 448), (476, 25), (476, 81), (476, 166), (476, 200), (476, 308), (476, 564), (476, 712), (498, 77), (498, 159), (498, 444), (498, 694), (498, 743), (520, 64), (520, 147), (520, 196), (520, 224), (520, 451), (542, 54), (542, 126), (542, 258), (542, 358), (542, 528), (542, 696), (564, 25), (564, 163), (564, 275), (564, 446), (564, 495), (564, 629), (586, 158), (586, 258), (586, 415), (586, 512), (586, 552), (586, 749), (630, 96), (630, 264), (630, 407), (630, 568), (652, 55), (652, 217), (652, 296), (652, 418), (652, 547), (652, 654), (674, 25), (674, 89), (674, 380), (674, 641), (696, 92), (696, 469), (696, 640), (696, 673), (718, 260), (718, 462), (718, 643), (740, 194), (740, 462), (740, 536), (740, 667), (762, 332), (762, 579), (762, 672), (762, 732), (784, 30), (784, 74), (784, 459), (784, 503), (784, 551), (784, 613), (784, 646), (806, 110), (806, 216), (806, 629), (828, 280), (828, 322), (828, 406), (828, 600), (850, 55), (850, 242), (872, 55), (872, 368), (872, 640), (894, 105), (894, 225), (916, 228), (938, 82), (938, 473), (938, 503), (960, 168), (960, 219), (960, 389), (960, 694), (982, 568), (982, 610), (1004, 43), (1004, 420), (1004, 667), (1026, 166), (1026, 355), (1026, 433), (1048, 36), (1048, 170), (1048, 200), (1048, 439), (1048, 535), (1048, 584), (1070, 294), (1070, 324), (1070, 554), (1070, 671), (1092, 99), (1092, 469), (1114, 435), (1114, 637), (1114, 727), (1114, 803), (1136, 79), (1136, 109), (1136, 192), (1158, 164), (1180, 49), (1180, 137), (1180, 159), (1180, 181), (1180, 225), (1180, 350), (1180, 643), (1202, 131), (1202, 291), (1202, 397), (1202, 450), (1202, 540), (1224, 147), (1224, 350), (1224, 410), (1224, 443), (1224, 487), (1224, 588), (1224, 631), (1224, 661), (1224, 737), (1246, 261), (1246, 302), (1246, 374), (1268, 77), (1268, 135), (1268, 212), (1268, 565), (1290, 119), (1290, 176), (1290, 354), (1290, 413), (1290, 441), (1290, 603), (1290, 663), (1312, 44), (1312, 202), (1312, 258), (1312, 328), (1312, 350), (1312, 371), (1312, 439), (1312, 698), (1334, 48), (1334, 169), (1334, 231), (1334, 330), (1334, 378), (1334, 577), (1356, 63), (1356, 149), (1356, 230), (1356, 276), (1356, 574), (1356, 640), (1378, 25), (1378, 121), (1378, 348), (1378, 567), (1378, 637), (1400, 131), (1400, 175), (1422, 25), (1422, 343), (1444, 46), (1444, 145), (1444, 229), (1444, 522), (1444, 567), (1466, 52), (1466, 152), (1466, 219), (1466, 268), (1466, 334), (1466, 487), (1466, 571), (1488, 181), (1488, 337), (1488, 487), (1510, 99), (1510, 223), (1510, 455), (1510, 499), (1510, 544), (1510, 671), (1532, 60), (1532, 362), (1554, 35), (1554, 92), (1554, 140), (1554, 290), (1554, 345), (1576, 344), (1576, 488), (1598, 178), (1598, 321), (1598, 527), (1620, 154), (1620, 337), (1620, 677), (1642, 36), (1642, 114), (1642, 291), (1642, 483), (1642, 501), (1642, 634), (1664, 79), (1664, 661), (1686, 59), (1708, 144), (1708, 166), (1708, 217), (1708, 399), (1708, 687), (1730, 190), (1730, 225), (1730, 283), (1730, 301), (1730, 342), (1730, 386), (1730, 437), (1730, 507), (1730, 558), (1730, 616), (1730, 684), (1752, 308), (1752, 389), (1752, 496), (1752, 554), (1752, 572), (1774, 25), (1774, 76), (1774, 405), (1774, 508), (1774, 560), (1796, 68), (1796, 188), (1796, 307), (1796, 365), (1796, 383), (1796, 625), (1796, 681), (1818, 238), (1818, 405), (1840, 217), (1840, 407), (1840, 497), (1862, 25), (1862, 71), (1862, 385)]
Search for letter: letters/l.png
Found: [(32, 168), (32, 339), (76, 219), (76, 532), (98, 66), (98, 71), (98, 363), (120, 130), (120, 322), (120, 629), (120, 634), (142, 241), (142, 393), (142, 570), (164, 129), (164, 134), (164, 332), (186, 571), (208, 57), (208, 342), (208, 445), (230, 77), (230, 114), (230, 350), (230, 482), (230, 603), (252, 82), (252, 294), (252, 456), (252, 688), (274, 653), (318, 186), (318, 237), (318, 360), (318, 445), (318, 450), (362, 80), (362, 207), (362, 365), (362, 636), (384, 409), (428, 184), (450, 138), (450, 143), (450, 239), (472, 121), (472, 420), (494, 611), (494, 616), (516, 158), (516, 163), (516, 307), (516, 533), (538, 648), (560, 328), (560, 624), (582, 654), (648, 694), (670, 681), (692, 480), (714, 638), (736, 205), (736, 333), (758, 405), (758, 574), (758, 749), (780, 25), (780, 454), (780, 624), (780, 629), (802, 287), (802, 345), (802, 526), (802, 701), (824, 205), (824, 435), (868, 442), (890, 65), (890, 236), (890, 241), (912, 86), (912, 302), (912, 307), (912, 451), (912, 456), (934, 158), (934, 163), (934, 692), (956, 367), (956, 705), (956, 710), (978, 65), (978, 336), (978, 513), (978, 518), (1000, 72), (1000, 350), (1000, 497), (1022, 256), (1044, 351), (1044, 546), (1044, 551), (1066, 565), (1066, 570), (1088, 121), (1088, 143), (1088, 397), (1088, 464), (1110, 501), (1154, 54), (1154, 109), (1176, 287), (1176, 659), (1198, 126), (1198, 386), (1198, 430), (1198, 648), (1220, 427), (1220, 438), (1220, 748), (1286, 680), (1308, 269), (1308, 366), (1308, 393), (1330, 389), (1352, 74), (1352, 241), (1396, 210), (1396, 240), (1396, 623), (1396, 628), (1440, 258), (1462, 63), (1462, 68), (1462, 600), (1484, 25), (1484, 348), (1484, 353), (1484, 498), (1506, 110), (1506, 234), (1506, 594), (1506, 627), (1550, 103), (1550, 108), (1550, 250), (1572, 438), (1616, 332), (1616, 482), (1616, 688), (1638, 286), (1638, 377), (1638, 645), (1638, 650), (1704, 155), (1704, 473), (1726, 695), (1726, 700), (1748, 319), (1770, 220), (1770, 555), (1770, 599), (1770, 604), (1792, 515), (1792, 676), (1814, 550), (1836, 644), (1858, 139), (1858, 215)]
Search for letter: letters/g.png
Found: [(80, 246), (102, 538), (146, 264), (168, 337), (190, 218), (190, 473), (190, 554), (190, 598), (190, 631), (212, 219), (212, 358), (212, 450), (234, 487), (322, 338), (322, 376), (322, 627), (366, 112), (388, 282), (388, 622), (476, 363), (476, 529), (476, 619), (520, 120), (520, 334), (520, 560), (542, 25), (564, 137), (564, 317), (564, 647), (586, 25), (586, 432), (586, 681), (586, 760), (652, 351), (674, 78), (696, 240), (718, 290), (740, 210), (762, 98), (784, 52), (784, 85), (784, 197), (784, 356), (784, 437), (784, 481), (784, 514), (806, 430), (828, 194), (894, 268), (894, 295), (916, 477), (960, 140), (982, 204), (1026, 663), (1026, 680), (1070, 537), (1070, 688), (1092, 170), (1114, 607), (1202, 149), (1224, 196), (1224, 465), (1224, 498), (1246, 483), (1268, 88), (1268, 521), (1268, 598), (1290, 187), (1290, 365), (1290, 452), (1312, 235), (1334, 81), (1334, 180), (1356, 390), (1356, 623), (1378, 445), (1422, 58), (1422, 108), (1422, 394), (1422, 632), (1466, 317), (1488, 437), (1532, 298), (1554, 474), (1554, 526), (1576, 694), (1598, 576), (1620, 165), (1620, 277), (1642, 169), (1664, 90)]
Search for letter: letters/o.png
Found: [(36, 67), (36, 405), (36, 509), (36, 645), (58, 25), (58, 262), (80, 133), (80, 224), (80, 354), (102, 419), (124, 350), (124, 378), (146, 25), (146, 307), (146, 470), (146, 481), (146, 602), (146, 691), (168, 144), (168, 348), (168, 422), (168, 611), (190, 106), (190, 372), (212, 331), (212, 347), (212, 461), (234, 25), (234, 66), (234, 310), (234, 406), (234, 498), (234, 617), (234, 634), (234, 673), (256, 150), (256, 394), (256, 477), (256, 666), (278, 239), (278, 527), (278, 658), (278, 702), (300, 74), (322, 349), (322, 365), (344, 80), (344, 244), (344, 328), (344, 356), (344, 488), (344, 637), (366, 69), (366, 435), (366, 498), (366, 557), (366, 679), (388, 329), (388, 555), (388, 581), (388, 645), (388, 676), (410, 123), (410, 186), (432, 38), (432, 224), (432, 328), (432, 489), (454, 51), (454, 297), (454, 569), (454, 591), (476, 143), (476, 466), (498, 280), (498, 302), (498, 785), (520, 284), (520, 510), (542, 563), (542, 608), (542, 731), (542, 781), (564, 75), (564, 213), (564, 365), (586, 296), (586, 352), (586, 398), (586, 659), (630, 141), (630, 179), (630, 223), (630, 720), (652, 169), (652, 525), (674, 60), (674, 175), (674, 235), (674, 453), (674, 566), (696, 25), (696, 192), (696, 502), (696, 513), (696, 549), (696, 611), (718, 80), (718, 124), (718, 354), (718, 428), (718, 520), (718, 696), (718, 728), (740, 221), (740, 322), (740, 485), (740, 513), (762, 249), (762, 310), (762, 381), (762, 447), (762, 504), (762, 638), (784, 267), (784, 304), (806, 133), (806, 192), (806, 531), (806, 606), (806, 656), (828, 33), (828, 95), (828, 251), (828, 550), (850, 287), (850, 715), (872, 182), (872, 391), (872, 419), (872, 484), (872, 521), (894, 169), (916, 145), (916, 206), (938, 35), (938, 209), (938, 299), (938, 549), (938, 589), (960, 35), (960, 268), (960, 316), (982, 103), (982, 378), (982, 539), (1004, 244), (1004, 502), (1004, 568), (1004, 631), (1026, 72), (1026, 239), (1026, 298), (1026, 478), (1026, 528), (1026, 691), (1026, 702), (1048, 695), (1070, 36), (1070, 47), (1070, 158), (1070, 214), (1070, 260), (1070, 615), (1070, 648), (1092, 148), (1092, 286), (1092, 522), (1092, 584), (1092, 662), (1092, 690), (1114, 560), (1114, 773), (1136, 38), (1158, 32), (1158, 43), (1158, 114), (1180, 90), (1180, 101), (1180, 373), (1180, 401), (1180, 424), (1180, 463), (1180, 664), (1202, 32), (1202, 64), (1202, 98), (1202, 473), (1224, 34), (1224, 213), (1246, 222), (1246, 472), (1246, 522), (1268, 272), (1268, 317), (1268, 335), (1268, 356), (1268, 504), (1290, 68), (1290, 96), (1290, 480), (1290, 691), (1290, 785), (1312, 422), (1312, 532), (1312, 721), (1334, 25), (1334, 208), (1334, 313), (1334, 410), (1334, 600), (1334, 628), (1356, 379), (1356, 429), (1378, 539), (1378, 626), (1400, 92), (1400, 269), (1400, 318), (1400, 382), (1400, 427), (1400, 474), (1422, 154), (1422, 258), (1422, 464), (1422, 621), (1422, 671), (1422, 699), (1444, 280), (1444, 659), (1466, 362), (1466, 373), (1466, 622), (1488, 141), (1488, 532), (1510, 381), (1532, 145), (1532, 226), (1532, 315), (1554, 68), (1554, 319), (1554, 463), (1576, 92), (1576, 120), (1576, 253), (1576, 416), (1576, 613), (1598, 35), (1598, 99), (1598, 414), (1598, 593), (1620, 25), (1620, 390), (1620, 522), (1620, 567), (1620, 655), (1642, 215), (1664, 374), (1664, 385), (1664, 479), (1664, 543), (1664, 639), (1686, 25), (1686, 134), (1708, 93), (1708, 262), (1708, 422), (1708, 450), (1708, 515), (1730, 25), (1730, 99), (1730, 254), (1730, 472), (1752, 171), (1752, 364), (1752, 438), (1752, 525), (1752, 618), (1774, 121), (1796, 127), (1796, 284), (1796, 336), (1796, 407), (1796, 557), (1818, 338), (1818, 377), (1818, 515), (1818, 592), (1818, 620), (1840, 240), (1840, 310), (1840, 480), (1840, 551), (1840, 586), (1840, 686), (1862, 117), (1862, 220), (1862, 286), (1862, 349), (1862, 498)]
Task 5
Image: haystack.png
Pattern: pattern.png
Found: [(482, 183), (504, 427), (548, 241), (592, 141), (636, 247)]
Task 6
Measuring execution for text of size (84,106) pattern ['th', 'th']
Automaton building took: 5.507469177246094e-05 seconds
Search took: 0.02939009666442871 seconds
Measuring execution for image haystack.png (1900, 860) pattern.png (17, 101)
Automaton building took: 0.03473496437072754 seconds
Search took: 5.313956022262573 seconds
Task 7
Measuring for 1 parts
Part search (with automaton building) took 0.029654502868652344 seconds
Whole part took 0.029654502868652344 seconds
Measuring for 2 parts
Part search (with automaton building) took 0.015106439590454102 seconds
Part search (with automaton building) took 0.015334367752075195 seconds
Whole part took 0.030440807342529297 seconds
Measuring for 4 parts
Part search (with automaton building) took 0.0074346065521240234 seconds
Part search (with automaton building) took 0.007916450500488281 seconds
Part search (with automaton building) took 0.0072345733642578125 seconds
Part search (with automaton building) took 0.007902860641479492 seconds
Whole part took 0.03048849105834961 seconds
Measuring for 8 parts
Part search (with automaton building) took 0.003403902053833008 seconds
Part search (with automaton building) took 0.0034863948822021484 seconds
Part search (with automaton building) took 0.0033965110778808594 seconds
Part search (with automaton building) took 0.003690004348754883 seconds
Part search (with automaton building) took 0.003515958786010742 seconds
Part search (with automaton building) took 0.0035293102264404297 seconds
Part search (with automaton building) took 0.0034193992614746094 seconds
Part search (with automaton building) took 0.005003690719604492 seconds
Whole part took 0.029445171356201172 seconds
